20170627
20170707
20170717
20170727
20170806
20170816
20170826
20170905
20170915
20170925
20171005
20171008
20171015
20171022
20171029
20171105
20171112
20171119
20171126
20171203
20171210
20171217
20171224
20171231
20180107
20180114
20180121
20180128
20180204
20180211
20180218
20180225
20180304
20180311
20180318
20180325
20180401
20180408
20180415
20180422
20180429
20180506
20180513
20180520
20180527
20180603
20180610
20180617
20180624
20180701
20180708
20180715
20180722
20180729
20180805
20180812
20180819
20180826
20180902
20180909
20180916
20180923
20180930
20181007
